$ 1 8.223684210526316e-8 1.5642631884188172 79 5 43
164 -416 368 -400 368 0 8 0 0 0 0 0 0 0 5 false 0
r -256 256 -160 256 0 10000
r -256 320 -160 320 0 10000
r -256 384 -160 384 0 10000
r -256 448 -160 448 0 10000
r -160 256 -160 320 0 5000
r -160 320 -160 384 0 5000
r -160 384 -160 448 0 5000
r -160 448 -160 512 0 5000
w -320 368 -256 256 0
w -320 400 -256 320 0
w -320 432 -256 384 0
w -320 464 -256 448 0
g -160 768 -160 800 0
w -160 256 -112 256 0
w -160 768 -112 768 0
r -160 704 -160 768 0 10000
r -160 640 -160 704 0 5000
r -160 576 -160 640 0 5000
r -160 512 -160 576 0 5000
r -256 704 -160 704 0 10000
r -256 640 -160 640 0 10000
r -256 576 -160 576 0 10000
r -256 512 -160 512 0 10000
w -16 256 -112 256 0
w -320 528 -256 576 0
w -320 560 -256 640 0
w -256 704 -320 592 0
R -416 368 -464 368 0 2 380000 5 0 0 0.5
w -320 496 -256 512 0
a 144 512 272 512 9 15 -15 1000000 0.0039062109378906694 0.003906250000000049 100000
w 272 512 336 512 0
w 144 576 272 576 0
w 272 576 272 512 0
w 144 528 144 576 0
b -528 288 -298 671 0
x -520 317 -331 320 4 24 Emulates\sArduino
b -288 224 -74 781 0
x -309 181 -69 184 4 24 8-bit\sR2R\sDAC\sLadder
b 126 413 291 588 0
x 136 435 199 438 4 24 Buffer
R 208 496 208 448 0 0 40 5 0 0 0.5
x -315 197 -79 200 4 12 Reasonable\sMax\sOutput\sFrequency:\s1.5\skHz
x 456 521 700 524 4 24 Single\sPole\sActive\sLPF
b 323 490 768 699 0
w 592 592 656 592 0
c 592 592 592 656 0 2.5e-9 0.12967323011853174
p 800 608 800 768 1 0 0
a 656 608 752 608 9 15 -15 1000000 0.12967193339919775 0.12967323011853174 100000
w 656 624 656 656 0
w 656 656 752 656 0
w 752 656 752 608 0
w 592 656 592 768 0
w 752 608 800 608 0
w 592 768 800 768 0
O 800 608 864 608 0 0
R 704 592 704 416 0 0 40 5 0 0 0.5
x -444 215 22 218 4 12 Based\son\ssampling\sall\s256\spts\sof\sthe\swaveform,\sassuming\s42\sclock\scycles\sper\scode\sloop
w 336 512 336 560 0
r 336 560 432 560 0 1000
r 336 608 432 608 0 10000
w 336 560 336 608 0
r 336 656 432 656 0 100000
w 336 608 336 656 0
w 432 512 336 512 0
S 592 592 480 592 0 2 false 1 4
w 432 656 480 608 0
w 432 608 480 592 0
w 432 560 480 576 0
w 432 512 480 560 0
x 328 684 585 687 4 15 Switch\sSelected\sFrequency\sSmoothing
x 347 342 556 345 4 24 From\stop\sto\sbottom:
x 345 377 570 380 4 24 No\sSignal\sSmoothing
x 344 409 644 412 4 24 Smooth\sF\s\q\s3\skHz\sto\s30\skHz
x 434 441 646 444 4 24 F\s\q\s300\sHz\sto\s3\skHz
x 434 472 634 475 4 24 F\sless\sthan\s300\sHz
x -638 708 -308 711 4 24 Sq.\sWave\sFreq\s\q\s256*(desired)
w -16 256 -16 496 0
w -16 496 96 496 0
r -16 496 -16 768 0 1250
w -112 768 -16 768 0
w 208 768 208 528 0
b -61 224 40 783 0
x -33 248 28 251 4 24 V.\sDiv
x -8 360 140 363 4 16 Ladder\sEquiv.\sR\s\q\s5k
w -16 768 96 768 0
w 96 768 208 768 0
w 96 496 144 496 0
p 96 496 96 768 1 0 0
403 912 128 1856 1008 0 88_1_0_12290_0.9960937499999999_0.0001_0_2_47_0
w 208 768 592 768 0
38 28 3 1 1000 Frequency
